0 0.498592 0.50307 0.993053 0.99386
1 0.568122 0.701107 0.21164 0.310223
1 0.569089 0.701478 0.209271 0.311288
0 0.507214 0.415663 0.985572 0.822679
1 0.568774 0.702306 0.209545 0.310182
0 0.50948 0.414662 0.980974 0.819646
1 0.568801 0.701448 0.208389 0.308825
0 0.520748 0.424967 0.958504 0.840756
1 0.568752 0.701645 0.209285 0.309212
0 0.505008 0.433839 0.989985 0.859575
1 0.569062 0.701878 0.20844 0.310894
0 0.509816 0.440445 0.980367 0.872692
1 0.56916 0.701881 0.208406 0.309345
0 0.509902 0.423877 0.980196 0.8391
1 0.569024 0.70213 0.208226 0.310088
0 0.506943 0.445476 0.986115 0.883519
1 0.568455 0.701663 0.210543 0.30967
0 0.508838 0.422986 0.982325 0.837494
1 0.56891 0.701555 0.209236 0.310437
0 0.505649 0.455157 0.988703 0.902623
1 0.568752 0.701593 0.208912 0.308925
0 0.530719 0.399825 0.937347 0.790823
